created_on,lands,submits,submitToLand
20230710,24838,0,0.0
20230720,24694,3386,13.711832833886774
20230719,23540,4345,18.457943925233646
20230802,45575,8815,19.34174437739989
20230729,28444,5661,19.90226409787653
20230721,14115,2159,15.295784626284094
20230712,21070,1496,7.100142382534409
20230725,26546,4433,16.699314397649363
20230708,22899,0,0.0
20230728,23624,4842,20.496105655265833
20230727,17786,3910,21.983582593050713
20230711,20134,0,0.0
20230723,28853,3561,12.341870862648598
20230714,22398,4851,21.658183766407713
20230706,30559,0,0.0
20230707,28509,0,0.0
20230713,23128,4966,21.471809062608095
20230722,16421,2235,13.610620546860726
20230705,32860,0,0.0
20230801,27297,5820,21.321024288383338
20230724,34248,4260,12.438682550805886
20230718,25922,5434,20.962888665997994
20230731,19256,4300,22.330702118820106
20230715,19797,4294,21.69015507400111
20230717,23254,5206,22.38754622860583
20230716,18345,3973,21.65712728263832
20230726,22437,4654,20.74252351027321
20230730,12421,2649,21.32678528298849
20230709,20810,0,0.0
20230803,56956,5916,10.386965376782078
